 Ano        Pop         PIB     Gst pc   Cons      Bal    Tec   Pet    Ren      Cst_bar  Cst_pet   Cst_ren    Cst_tot     % util    % total

 2018    326767008    1856.910  6917.0   226.0    0.000   797   0.90   0.10      49.82    0.36      2.14      120.65      19.11       6.50
 2019    329092992    1943.277  7170.5   236.0    4.651   804   0.73   0.27      66.11    0.47      2.06      211.29      31.98      10.87
 2020    331432000    1941.087  7300.8   242.0   -0.113   806   0.66   0.34      83.08    0.59      1.99      257.76      39.06      13.28
 2021    333783008    1910.121  7433.4   248.1   -1.595   808   0.60   0.40     104.41    0.75      1.92      302.49      46.58      15.84
 2022    336150016    1882.959  7568.4   254.4   -1.422   809   0.54   0.46     120.78    0.86      1.86      335.99      52.48      17.84
 2023    338524000    1922.606  7705.9   260.9    2.106   811   0.49   0.51     179.56    1.28      1.80      403.15      61.67      20.97
 2024    340895008    2017.609  7845.8   267.5    4.941   813   0.44   0.56     266.95    1.91      1.73      484.29      70.60      24.00
 2025    343256000    2119.411  7988.3   274.2    5.046   815   0.40   0.60     308.79    2.21      1.68      517.36      71.80      24.41
 2026    345601984    2131.444  8133.4   281.1    0.568   817   0.36   0.64     347.92    2.49      1.62      542.58      74.87      25.46
 2027    347929984    2167.267  8281.2   288.1    1.681   818   0.32   0.68     385.04    2.75      1.56      561.55      76.21      25.91
 2028    350230016    2195.847  8431.6   295.3    1.319   820   0.29   0.71     433.83    3.10      1.51      583.56      78.16      26.58
 2029    352494016    2144.199  8584.7   302.6   -2.352   822   0.26   0.74     588.59    4.20      1.46      661.44      90.73      30.85
 2030    354712000    2156.309  8740.6   310.0    0.565   824   0.24   0.76     839.74    6.00      1.41      777.06     105.99      36.04
 2031    356880000    2073.856  8899.4   317.6   -3.824   826   0.22   0.78    1055.32    7.54      1.36      855.85     121.38      41.27
 2032    358996992    2110.114  9061.0   325.3    1.748   827   0.19   0.81    1537.29   10.98      1.32     1040.63     145.05      49.32
 2033    361062016    2138.738  9225.6   333.1    1.357   829   0.18   0.82    2285.51   16.33      1.27     1305.80     179.57      61.05
 2034    363073984    2205.363  9393.2   341.0    3.115   831   0.16   0.84    3397.90   24.27      1.23     1667.56     222.39      75.61
 2035    365033984    2306.221  9563.8   349.1    4.573   833   0.14   0.86    3930.39   28.07      1.19     1761.12     224.60      76.36
 2036    366942016    2386.706  9737.5   357.3    3.490   835   0.13   0.87    4939.37   35.28      1.15     1989.95     245.23      83.38
 2037    368796992    2382.728  9914.3   365.6   -0.167   836   0.12   0.88    6207.37   44.34      1.11     2254.46     278.29      94.62
 2038    370601984    2340.787 10094.4   374.1   -1.760   838   0.11   0.89    8421.62   60.15      1.07     2735.80     343.75     116.88
 2039    372358016    2326.155 10277.8   382.7   -0.625   840   0.10   0.90   12015.23   85.82      1.03     3491.84     441.51     150.11
 2040    374068992    2261.987 10464.4   391.4   -2.759   842   0.09   0.91   17142.27  122.44      1.00     4487.25     583.46     198.38
 2041    375735008    2362.525 10654.5   400.3    4.445   844   0.08   0.92   24457.09  174.69      0.96     5798.02     721.81     245.42
 2042    377360000    2457.553 10848.0   409.4    4.022   846   0.07   0.93   28289.82  202.07      0.93     6167.27     738.09     250.95
 2043    378950016    2381.368 11045.0   418.6   -3.100   847   0.06   0.94   42624.62  304.46      0.90     8439.26    1042.31     354.39
 2044    380513984    2416.825 11245.7   427.9    1.489   849   0.06   0.94   42624.62  304.46      0.87     7816.32     951.21     323.41
 2045    382059008    2335.499 11449.9   437.5   -3.365   851   0.05   0.95   42624.62  304.46      0.84     7240.34     911.80     310.01
 2046    383588000    2414.484 11657.9   447.2    3.382   853   0.05   0.95   42624.62  304.46      0.81     6707.86     817.11     277.82
 2047    385103008    2354.512 11869.6   457.1   -2.484   855   0.04   0.96   42624.62  304.46      0.78     6215.64     776.44     263.99
 2048    386607008    2373.439 12085.2   467.2    0.804   857   0.04   0.96   42624.62  304.46      0.76     5760.69     713.87     242.71
 2049    388103008    2287.287 12304.7   477.5   -3.630   859   0.03   0.97   42624.62  304.46      0.73     5340.22     686.69     233.47
 2050    389592000    2392.328 12528.2   488.1    4.592   861   0.03   0.97   42624.62  304.46      0.71     4951.63     608.76     206.98
 2051    391076000    2481.450 12755.8   498.8    3.725   862   0.03   0.97   42624.62  304.46      0.68     4592.54     544.34     185.07
 2052    392556992    2443.163 12987.4   509.8   -1.543   864   0.03   0.97   42624.62  304.46      0.66     4260.70     512.92     174.39
 2053    394039008    2556.082 13223.3   521.1    4.622   866   0.02   0.98   42624.62  304.46      0.64     3954.09     454.98     154.69
 2054    395526016    2459.746 13463.5   532.5   -3.769   868   0.02   0.98   42624.62  304.46      0.61     3670.81     438.93     149.24
 2055    397017984    2528.369 13708.0   544.2    2.790   870   0.02   0.98   42624.62  304.46      0.59     3409.06     396.57     134.83
 2056    398518016    2498.570 13957.0   556.2   -1.179   872   0.02   0.98   42624.62  304.46      0.57     3167.22     372.83     126.76
 2057    400024000    2536.427 14210.5   568.5    1.515   874   0.02   0.98   42624.62  304.46      0.55     2943.75     341.35     116.06
 2058    401536000    2471.295 14468.6   581.0   -2.568   876   0.01   0.99   42624.62  304.46      0.54     2737.22     325.77     110.76
 2059    403048992    2518.285 14731.4   593.7    1.901   878   0.01   0.99   42624.62  304.46      0.52     2546.32     297.39     101.11
 2060    404561984    2596.204 14999.0   606.8    3.094   880   0.01   0.99   42624.62  304.46      0.50     2369.83     268.47      91.28
 2061    406072992    2457.880 15271.4   620.1   -5.328   881   0.01   0.99   42624.62  304.46      0.48     2206.64     264.05      89.78
 2062    407580992    2383.468 15548.8   633.7   -3.028   883   0.00   1.00   42624.62  304.46      0.47      295.35      36.45      12.39
 2063    409083008    2292.456 15831.2   647.6   -3.818   885   0.00   1.00   42624.62  304.46      0.45      291.56      37.41      12.72
 2064    410575008    2236.778 16118.7   661.8   -2.429   887   0.00   1.00   42624.62  304.46      0.43      287.81      37.84      12.87
 2065    412055008    2235.174 16411.5   676.2   -0.072   889   0.00   1.00   42624.62  304.46      0.42      284.09      37.38      12.71
 2066    413519008    2284.855 16709.6   691.0    2.223   891   0.00   1.00   42624.62  304.46      0.41      280.41      36.10      12.27
 2067    414967008    2391.146 17013.1   706.0    4.652   893   0.00   1.00   42624.62  304.46      0.39      276.76      34.04      11.57
 2068    416393984    2354.784 17322.1   721.3   -1.521   895   0.00   1.00   42624.62  304.46      0.38      273.14      34.12      11.60
 2069    417792992    2295.033 17636.7   736.8   -2.537   897   0.00   1.00   42624.62  304.46      0.37      269.55      34.54      11.74
 2070    419161984    2294.415 17957.0   752.7   -0.027   899   0.00   1.00   42624.62  304.46      0.35      265.98      34.10      11.59
 2071    420496992    2298.956 18283.2   768.8    0.198   901   0.00   1.00   42624.62  304.46      0.33      252.66      32.32      10.99
 2072    421798016    2395.789 18615.3   785.2    4.212   903   0.00   1.00   42624.62  304.46      0.31      239.98      29.46      10.02
 2073    423064000    2345.872 18953.4   801.8   -2.084   905   0.00   1.00   42624.62  304.46      0.28      227.92      28.58       9.72
 2074    424296000    2368.547 19297.6   818.8    0.967   907   0.00   1.00   42624.62  304.46      0.26      216.44      26.88       9.14
 2075    425494016    2484.492 19648.1   836.0    4.895   909   0.00   1.00   42624.62  304.46      0.25      205.53      24.33       8.27
 2076    426656000    2495.257 20005.0   853.5    0.433   911   0.00   1.00   42624.62  304.46      0.23      195.14      23.00       7.82
 2077    427784000    2484.243 20368.3   871.3   -0.441   913   0.00   1.00   42624.62  304.46      0.21      185.27      21.93       7.46
 2078    428878016    2413.457 20738.3   889.4   -2.849   915   0.00   1.00   42624.62  304.46      0.20      175.88      21.43       7.29
 2079    429936992    2432.529 21115.0   907.8    0.790   917   0.00   1.00   42624.62  304.46      0.18      166.95      20.19       6.86
 2080    430964000    2557.997 21498.5   926.5    5.158   919   0.00   1.00   42624.62  304.46      0.17      158.46      18.22       6.19
 2081    431960000    2561.082 21889.0   945.5    0.121   921   0.00   1.00   42624.62  304.46      0.16      150.39      17.27       5.87
 2082    432924000    2458.006 22286.5   964.8   -4.025   923   0.00   1.00   42624.62  304.46      0.15      142.72      17.08       5.81
 2083    433860992    2372.256 22691.3   984.5   -3.489   925   0.00   1.00   42624.62  304.46      0.14      135.43      16.79       5.71
 2084    434774016    2445.286 23103.5  1004.5    3.078   927   0.00   1.00   42624.62  304.46      0.13      128.51      15.46       5.26
 2085    435665984    2501.769 23523.1  1024.8    2.310   929   0.00   1.00   42624.62  304.46      0.12      121.94      14.34       4.87
 2086    436537984    2399.274 23950.3  1045.5   -4.097   931   0.00   1.00   42624.62  304.46      0.11      115.69      14.18       4.82
 2087    437391008    2529.169 24385.3  1066.6    5.414   933   0.00   1.00   42624.62  304.46      0.11      117.33      13.64       4.64
 2088    438228992    2634.229 24828.3  1088.0    4.154   935   0.00   1.00   42624.62  304.46      0.11      119.69      13.36       4.54
 2089    439055008    2674.352 25279.2  1109.9    1.523   937   0.00   1.00   42624.62  304.46      0.11      122.09      13.43       4.57
 2090    439872992    2832.418 25738.3  1132.2    5.910   939   0.00   1.00   42624.62  304.46      0.11      124.54      12.93       4.40
 2091    440683008    2780.277 26205.8  1154.8   -1.841   941   0.00   1.00   42624.62  304.46      0.11      127.03      13.44       4.57
 2092    441486016    2930.791 26681.8  1178.0    5.414   943   0.00   1.00   42624.62  304.46      0.11      129.58      13.00       4.42
 2093    442279008    2863.700 27166.4  1201.5   -2.289   945   0.00   1.00   42624.62  304.46      0.11      132.17      13.57       4.62
 2094    443063008    3042.629 27659.9  1225.5    6.248   947   0.00   1.00   42624.62  304.46      0.11      134.81      13.03       4.43
 2095    443835008    2949.627 28162.2  1249.9   -3.057   949   0.00   1.00   42624.62  304.46      0.11      137.49      13.71       4.66
 2096    444593984    3094.963 28673.8  1274.8    4.927   951   0.00   1.00   42624.62  304.46      0.11      140.23      13.33       4.53
 2097    445339008    3111.216 29194.6  1300.1    0.525   953   0.00   1.00   42624.62  304.46      0.11      143.02      13.52       4.60
 2098    446070016    3084.146 29724.8  1325.9   -0.870   956   0.00   1.00   42624.62  304.46      0.11      145.85      13.91       4.73
 2099    446784000    3085.536 30264.7  1352.2    0.045   958   0.00   1.00   42624.62  304.46      0.11      148.74      14.18       4.82
 2100    447483008    3263.929 30814.4  1378.9    5.782   960   0.00   1.00   42624.62  304.46      0.11      151.68      13.67       4.65
