 Ano        Pop         PIB     Gst pc   Cons      Bal    Tec   Pet    Ren      Cst_bar  Cst_pet   Cst_ren    Cst_tot     % util    % total

 2018    328092992    1856.910  6917.0   226.9    0.000   797   0.90   0.10      49.82    0.36      2.14      121.14      19.19       6.52
 2019    331075008    1943.277  7170.5   237.4    4.651   804   0.73   0.27      66.11    0.47      2.06      212.56      32.17      10.94
 2020    334147008    1941.087  7300.8   244.0   -0.113   806   0.66   0.34      83.08    0.59      1.99      259.88      39.38      13.39
 2021    337292992    1910.121  7433.4   250.7   -1.595   808   0.60   0.40     104.41    0.75      1.92      305.67      47.07      16.00
 2022    340502016    1882.959  7568.4   257.7   -1.422   809   0.54   0.46     120.78    0.86      1.86      340.34      53.16      18.07
 2023    343769984    1922.606  7705.9   264.9    2.106   811   0.49   0.51     179.56    1.28      1.80      409.39      62.63      21.29
 2024    347095008    2017.609  7845.8   272.3    4.941   813   0.44   0.56     266.95    1.91      1.73      493.10      71.88      24.44
 2025    350472000    2119.411  7988.3   280.0    5.046   815   0.40   0.60     308.79    2.21      1.68      528.24      73.30      24.92
 2026    353896000    2131.444  8133.4   287.8    0.568   817   0.36   0.64     347.92    2.49      1.62      555.60      76.67      26.07
 2027    357351008    2167.267  8281.2   295.9    1.681   818   0.32   0.68     385.04    2.75      1.56      576.75      78.27      26.61
 2028    360809984    2195.847  8431.6   304.2    1.319   820   0.29   0.71     433.83    3.10      1.51      601.19      80.52      27.38
 2029    364244000    2144.199  8584.7   312.7   -2.352   822   0.26   0.74     588.59    4.20      1.46      683.48      93.75      31.88
 2030    367627008    2156.309  8740.6   321.3    0.565   824   0.24   0.76     839.74    6.00      1.41      805.36     109.85      37.35
 2031    370950016    2073.856  8899.4   330.1   -3.824   826   0.22   0.78    1055.32    7.54      1.36      889.59     126.16      42.90
 2032    374212992    2110.114  9061.0   339.1    1.748   827   0.19   0.81    1537.29   10.98      1.32     1084.74     151.20      51.41
 2033    377417984    2138.738  9225.6   348.2    1.357   829   0.18   0.82    2285.51   16.33      1.27     1364.95     187.71      63.82
 2034    380572000    2205.363  9393.2   357.5    3.115   831   0.16   0.84    3397.90   24.27      1.23     1747.92     233.11      79.26
 2035    383683008    2306.221  9563.8   366.9    4.573   833   0.14   0.86    3930.39   28.07      1.19     1851.09     236.07      80.26
 2036    386751008    2386.706  9737.5   376.6    3.490   835   0.13   0.87    4939.37   35.28      1.15     2097.38     258.46      87.88
 2037    389777984    2382.728  9914.3   386.4   -0.167   836   0.12   0.88    6207.37   44.34      1.11     2382.72     294.12     100.00
 2038    392771008    2340.787 10094.4   396.5   -1.760   838   0.11   0.89    8421.62   60.15      1.07     2899.45     364.31     123.87
 2039    395737984    2326.155 10277.8   406.7   -0.625   840   0.10   0.90   12015.23   85.82      1.03     3711.08     469.23     159.54
 2040    398687008    2261.987 10464.4   417.2   -2.759   842   0.09   0.91   17142.27  122.44      1.00     4782.57     621.86     211.43
 2041    401624000    2362.525 10654.5   427.9    4.445   844   0.08   0.92   24457.09  174.69      0.96     6197.52     771.55     262.33
 2042    404556992    2457.553 10848.0   438.9    4.022   846   0.07   0.93   28289.82  202.07      0.93     6611.75     791.29     269.04
 2043    407500992    2381.368 11045.0   450.1   -3.100   847   0.06   0.94   42624.62  304.46      0.90     9075.09    1120.84     381.09
 2044    410476992    2416.825 11245.7   461.6    1.489   849   0.06   0.94   42624.62  304.46      0.87     8431.80    1026.12     348.88
 2045    413499008    2335.499 11449.9   473.5   -3.365   851   0.05   0.95   42624.62  304.46      0.84     7836.16     986.84     335.52
 2046    416576000    2414.484 11657.9   485.6    3.382   853   0.05   0.95   42624.62  304.46      0.81     7284.73     887.38     301.71
 2047    419712000    2354.512 11869.6   498.2   -2.484   855   0.04   0.96   42624.62  304.46      0.78     6774.24     846.22     287.71
 2048    422912000    2373.439 12085.2   511.1    0.804   857   0.04   0.96   42624.62  304.46      0.76     6301.65     780.90     265.51
 2049    426183008    2287.287 12304.7   524.4   -3.630   859   0.03   0.97   42624.62  304.46      0.73     5864.19     754.06     256.38
 2050    429528992    2392.328 12528.2   538.1    4.592   861   0.03   0.97   42624.62  304.46      0.71     5459.23     671.17     228.20
 2051    432951008    2481.450 12755.8   552.3    3.725   862   0.03   0.97   42624.62  304.46      0.68     5084.29     602.62     204.89
 2052    436452000    2443.163 12987.4   566.8   -1.543   864   0.03   0.97   42624.62  304.46      0.66     4737.13     570.27     193.89
 2053    440028992    2556.082 13223.3   581.9    4.622   866   0.02   0.98   42624.62  304.46      0.64     4415.59     508.08     172.75
 2054    443676992    2459.746 13463.5   597.3   -3.769   868   0.02   0.98   42624.62  304.46      0.61     4117.69     492.36     167.40
 2055    447390016    2528.369 13708.0   613.3    2.790   870   0.02   0.98   42624.62  304.46      0.59     3841.59     446.88     151.94
 2056    451168992    2498.570 13957.0   629.7   -1.179   872   0.02   0.98   42624.62  304.46      0.57     3585.67     422.08     143.51
 2057    455008992    2536.427 14210.5   646.6    1.515   874   0.02   0.98   42624.62  304.46      0.55     3348.38     388.27     132.01
 2058    458902016    2471.295 14468.6   664.0   -2.568   876   0.01   0.99   42624.62  304.46      0.54     3128.28     372.31     126.58
 2059    462835008    2518.285 14731.4   681.8    1.901   878   0.01   0.99   42624.62  304.46      0.52     2924.02     341.50     116.11
 2060    466799008    2596.204 14999.0   700.2    3.094   880   0.01   0.99   42624.62  304.46      0.50     2734.39     309.77     105.32
 2061    470790016    2457.880 15271.4   719.0   -5.328   881   0.01   0.99   42624.62  304.46      0.48     2558.32     306.14     104.09
 2062    474806016    2383.468 15548.8   738.3   -3.028   883   0.00   1.00   42624.62  304.46      0.47      344.06      42.46      14.44
 2063    478840000    2292.456 15831.2   758.1   -3.818   885   0.00   1.00   42624.62  304.46      0.45      341.27      43.78      14.89
 2064    482888000    2236.778 16118.7   778.4   -2.429   887   0.00   1.00   42624.62  304.46      0.43      338.50      44.51      15.13
 2065    486947008    2235.174 16411.5   799.2   -0.072   889   0.00   1.00   42624.62  304.46      0.42      335.72      44.18      15.02
 2066    491012000    2284.855 16709.6   820.5    2.223   891   0.00   1.00   42624.62  304.46      0.41      332.96      42.86      14.57
 2067    495084992    2391.146 17013.1   842.3    4.652   893   0.00   1.00   42624.62  304.46      0.39      330.19      40.61      13.81
 2068    499163008    2354.784 17322.1   864.7   -1.521   895   0.00   1.00   42624.62  304.46      0.38      327.44      40.90      13.91
 2069    503247008    2295.033 17636.7   887.6   -2.537   897   0.00   1.00   42624.62  304.46      0.37      324.68      41.61      14.15
 2070    507336992    2294.415 17957.0   911.0   -0.027   899   0.00   1.00   42624.62  304.46      0.35      321.94      41.27      14.03
 2071    511432992    2298.956 18283.2   935.1    0.198   901   0.00   1.00   42624.62  304.46      0.33      307.30      39.31      13.37
 2072    515536992    2395.789 18615.3   959.7    4.212   903   0.00   1.00   42624.62  304.46      0.31      293.31      36.01      12.24
 2073    519655008    2345.872 18953.4   984.9   -2.084   905   0.00   1.00   42624.62  304.46      0.28      279.96      35.10      11.93
 2074    523792992    2368.547 19297.6  1010.8    0.967   907   0.00   1.00   42624.62  304.46      0.26      267.20      33.18      11.28
 2075    527958016    2484.492 19648.1  1037.3    4.895   909   0.00   1.00   42624.62  304.46      0.25      255.02      30.19      10.26
 2076    532152992    2495.257 20005.0  1064.6    0.433   911   0.00   1.00   42624.62  304.46      0.23      243.39      28.69       9.75
 2077    536377984    2484.243 20368.3  1092.5   -0.441   913   0.00   1.00   42624.62  304.46      0.21      232.30      27.50       9.35
 2078    540638016    2413.457 20738.3  1121.2   -2.849   915   0.00   1.00   42624.62  304.46      0.20      221.71      27.02       9.19
 2079    544934976    2432.529 21115.0  1150.6    0.790   917   0.00   1.00   42624.62  304.46      0.18      211.60      25.58       8.70
 2080    549273024    2557.997 21498.5  1180.9    5.158   919   0.00   1.00   42624.62  304.46      0.17      201.96      23.22       7.90
 2081    553652992    2561.082 21889.0  1211.9    0.121   921   0.00   1.00   42624.62  304.46      0.16      192.76      22.14       7.53
 2082    558076032    2458.006 22286.5  1243.8   -4.025   923   0.00   1.00   42624.62  304.46      0.15      183.98      22.01       7.48
 2083    562542976    2372.256 22691.3  1276.5   -3.489   925   0.00   1.00   42624.62  304.46      0.14      175.60      21.77       7.40
 2084    567054016    2445.286 23103.5  1310.1    3.078   927   0.00   1.00   42624.62  304.46      0.13      167.61      20.16       6.85
 2085    571609984    2501.769 23523.1  1344.6    2.310   929   0.00   1.00   42624.62  304.46      0.12      159.98      18.81       6.39
 2086    576209984    2399.274 23950.3  1380.0   -4.097   931   0.00   1.00   42624.62  304.46      0.11      152.71      18.72       6.36
 2087    580852992    2529.169 24385.3  1416.4    5.414   933   0.00   1.00   42624.62  304.46      0.11      155.81      18.12       6.16
 2088    585539008    2634.229 24828.3  1453.8    4.154   935   0.00   1.00   42624.62  304.46      0.11      159.92      17.86       6.07
 2089    590265024    2674.352 25279.2  1492.1    1.523   937   0.00   1.00   42624.62  304.46      0.11      164.14      18.05       6.14
 2090    595030016    2832.418 25738.3  1531.5    5.910   939   0.00   1.00   42624.62  304.46      0.11      168.47      17.49       5.95
 2091    599832000    2780.277 26205.8  1571.9   -1.841   941   0.00   1.00   42624.62  304.46      0.11      172.91      18.29       6.22
 2092    604668032    2930.791 26681.8  1613.4    5.414   943   0.00   1.00   42624.62  304.46      0.11      177.47      17.81       6.06
 2093    609537024    2863.700 27166.4  1655.9   -2.289   945   0.00   1.00   42624.62  304.46      0.11      182.15      18.71       6.36
 2094    614435968    3042.629 27659.9  1699.5    6.248   947   0.00   1.00   42624.62  304.46      0.11      186.95      18.07       6.14
 2095    619361984    2949.627 28162.2  1744.3   -3.057   949   0.00   1.00   42624.62  304.46      0.11      191.87      19.13       6.50
 2096    624310976    3094.963 28673.8  1790.1    4.927   951   0.00   1.00   42624.62  304.46      0.11      196.91      18.71       6.36
 2097    629278976    3111.216 29194.6  1837.2    0.525   953   0.00   1.00   42624.62  304.46      0.11      202.09      19.10       6.50
 2098    634264000    3084.146 29724.8  1885.3   -0.870   956   0.00   1.00   42624.62  304.46      0.11      207.39      19.78       6.72
 2099    639259008    3085.536 30264.7  1934.7    0.045   958   0.00   1.00   42624.62  304.46      0.11      212.82      20.29       6.90
 2100    644259968    3263.929 30814.4  1985.2    5.782   960   0.00   1.00   42624.62  304.46      0.11      218.38      19.68       6.69
