 Ano        Pop         PIB     Gst pc   Cons      Bal    Tec   Pet    Ren      Cst_bar  Cst_pet   Cst_ren    Cst_tot     % util    % total

 2018    325383008    1856.910  6917.0   225.1    0.000   797   0.90   0.10      49.82    0.36      2.14      120.14      19.03       6.47
 2019    327076992    1943.277  7170.5   234.5    4.651   804   0.73   0.27      66.11    0.47      2.06      210.00      31.78      10.81
 2020    328716000    1941.087  7300.8   240.0   -0.113   806   0.66   0.34      83.08    0.59      1.99      255.65      38.74      13.17
 2021    330300992    1910.121  7433.4   245.5   -1.595   808   0.60   0.40     104.41    0.75      1.92      299.33      46.09      15.67
 2022    331828992    1882.959  7568.4   251.1   -1.422   809   0.54   0.46     120.78    0.86      1.86      331.67      51.81      17.61
 2023    333297984    1922.606  7705.9   256.8    2.106   811   0.49   0.51     179.56    1.28      1.80      396.92      60.72      20.65
 2024    334702016    2017.609  7845.8   262.6    4.941   813   0.44   0.56     266.95    1.91      1.73      475.49      69.32      23.57
 2025    336039008    2119.411  7988.3   268.4    5.046   815   0.40   0.60     308.79    2.21      1.68      506.48      70.29      23.90
 2026    337307008    2131.444  8133.4   274.3    0.568   817   0.36   0.64     347.92    2.49      1.62      529.56      73.07      24.85
 2027    338508000    2167.267  8281.2   280.3    1.681   818   0.32   0.68     385.04    2.75      1.56      546.34      74.14      25.21
 2028    339649984    2195.847  8431.6   286.4    1.319   820   0.29   0.71     433.83    3.10      1.51      565.93      75.80      25.77
 2029    340744000    2144.199  8584.7   292.5   -2.352   822   0.26   0.74     588.59    4.20      1.46      639.39      87.70      29.82
 2030    341796000    2156.309  8740.6   298.8    0.565   824   0.24   0.76     839.74    6.00      1.41      748.77     102.13      34.72
 2031    342809984    2073.856  8899.4   305.1   -3.824   826   0.22   0.78    1055.32    7.54      1.36      822.10     116.59      39.64
 2032    343782016    2110.114  9061.0   311.5    1.748   827   0.19   0.81    1537.29   10.98      1.32      996.53     138.90      47.23
 2033    344708992    2138.738  9225.6   318.0    1.357   829   0.18   0.82    2285.51   16.33      1.27     1246.66     171.44      58.29
 2034    345583008    2205.363  9393.2   324.6    3.115   831   0.16   0.84    3397.90   24.27      1.23     1587.22     211.68      71.97
 2035    346398016    2306.221  9563.8   331.3    4.573   833   0.14   0.86    3930.39   28.07      1.19     1671.21     213.13      72.47
 2036    347155008    2386.706  9737.5   338.0    3.490   835   0.13   0.87    4939.37   35.28      1.15     1882.65     232.00      78.88
 2037    347852000    2382.728  9914.3   344.9   -0.167   836   0.12   0.88    6207.37   44.34      1.11     2126.43     262.48      89.24
 2038    348489984    2340.787 10094.4   351.8   -1.760   838   0.11   0.89    8421.62   60.15      1.07     2572.57     323.24     109.90
 2039    349067008    2326.155 10277.8   358.8   -0.625   840   0.10   0.90   12015.23   85.82      1.03     3273.42     413.89     140.72
 2040    349580992    2261.987 10464.4   365.8   -2.759   842   0.09   0.91   17142.27  122.44      1.00     4193.50     545.27     185.39
 2041    350032000    2362.525 10654.5   372.9    4.445   844   0.08   0.92   24457.09  174.69      0.96     5401.39     672.44     228.63
 2042    350420000    2457.553 10848.0   380.1    4.022   846   0.07   0.93   28289.82  202.07      0.93     5726.98     685.40     233.04
 2043    350745984    2381.368 11045.0   387.4   -3.100   847   0.06   0.94   42624.62  304.46      0.90     7811.15     964.74     328.01
 2044    351011008    2416.825 11245.7   394.7    1.489   849   0.06   0.94   42624.62  304.46      0.87     7210.29     877.46     298.34
 2045    351216992    2335.499 11449.9   402.1   -3.365   851   0.05   0.95   42624.62  304.46      0.84     6655.86     838.20     284.99
 2046    351364992    2414.484 11657.9   409.6    3.382   853   0.05   0.95   42624.62  304.46      0.81     6144.38     748.47     254.48
 2047    351456000    2354.512 11869.6   417.2   -2.484   855   0.04   0.96   42624.62  304.46      0.78     5672.57     708.60     240.92
 2048    351491008    2373.439 12085.2   424.8    0.804   857   0.04   0.96   42624.62  304.46      0.76     5237.44     649.03     220.67
 2049    351468000    2287.287 12304.7   432.5   -3.630   859   0.03   0.97   42624.62  304.46      0.73     4836.13     621.87     211.44
 2050    351388992    2392.328 12528.2   440.2    4.592   861   0.03   0.97   42624.62  304.46      0.71     4466.08     549.07     186.68
 2051    351255008    2481.450 12755.8   448.1    3.725   862   0.03   0.97   42624.62  304.46      0.68     4124.91     488.91     166.23
 2052    351068992    2443.163 12987.4   455.9   -1.543   864   0.03   0.97   42624.62  304.46      0.66     3810.40     458.71     155.96
 2053    350839008    2556.082 13223.3   463.9    4.622   866   0.02   0.98   42624.62  304.46      0.64     3520.59     405.10     137.73
 2054    350571008    2459.746 13463.5   472.0   -3.769   868   0.02   0.98   42624.62  304.46      0.61     3253.59     389.04     132.27
 2055    350273984    2528.369 13708.0   480.2    2.790   870   0.02   0.98   42624.62  304.46      0.59     3007.69     349.88     118.96
 2056    349948992    2498.570 13957.0   488.4   -1.179   872   0.02   0.98   42624.62  304.46      0.57     2781.22     327.39     111.31
 2057    349598016    2536.427 14210.5   496.8    1.515   874   0.02   0.98   42624.62  304.46      0.55     2572.67     298.32     101.43
 2058    349223008    2471.295 14468.6   505.3   -2.568   876   0.01   0.99   42624.62  304.46      0.54     2380.61     283.32      96.33
 2059    348828992    2518.285 14731.4   513.9    1.901   878   0.01   0.99   42624.62  304.46      0.52     2203.77     257.38      87.51
 2060    348416000    2596.204 14999.0   522.6    3.094   880   0.01   0.99   42624.62  304.46      0.50     2040.94     231.21      78.61
 2061    347985984    2457.880 15271.4   531.4   -5.328   881   0.01   0.99   42624.62  304.46      0.48     1890.99     226.28      76.94
 2062    347537984    2383.468 15548.8   540.4   -3.028   883   0.00   1.00   42624.62  304.46      0.47      251.84      31.08      10.57
 2063    347072000    2292.456 15831.2   549.5   -3.818   885   0.00   1.00   42624.62  304.46      0.45      247.36      31.74      10.79
 2064    346585984    2236.778 16118.7   558.7   -2.429   887   0.00   1.00   42624.62  304.46      0.43      242.95      31.95      10.86
 2065    346078016    2235.174 16411.5   568.0   -0.072   889   0.00   1.00   42624.62  304.46      0.42      238.60      31.40      10.67
 2066    345547008    2284.855 16709.6   577.4    2.223   891   0.00   1.00   42624.62  304.46      0.41      234.32      30.16      10.26
 2067    344991008    2391.146 17013.1   586.9    4.652   893   0.00   1.00   42624.62  304.46      0.39      230.09      28.30       9.62
 2068    344404992    2354.784 17322.1   596.6   -1.521   895   0.00   1.00   42624.62  304.46      0.38      225.92      28.22       9.59
 2069    343780992    2295.033 17636.7   606.3   -2.537   897   0.00   1.00   42624.62  304.46      0.37      221.80      28.42       9.66
 2070    343113984    2294.415 17957.0   616.1   -0.027   899   0.00   1.00   42624.62  304.46      0.35      217.73      27.91       9.49
 2071    342400000    2298.956 18283.2   626.0    0.198   901   0.00   1.00   42624.62  304.46      0.33      205.73      26.32       8.95
 2072    341639008    2395.789 18615.3   636.0    4.212   903   0.00   1.00   42624.62  304.46      0.31      194.38      23.86       8.11
 2073    340827008    2345.872 18953.4   646.0   -2.084   905   0.00   1.00   42624.62  304.46      0.28      183.61      23.02       7.83
 2074    339961984    2368.547 19297.6   656.0    0.967   907   0.00   1.00   42624.62  304.46      0.26      173.42      21.53       7.32
 2075    339040992    2484.492 19648.1   666.2    4.895   909   0.00   1.00   42624.62  304.46      0.25      163.77      19.39       6.59
 2076    338062016    2495.257 20005.0   676.3    0.433   911   0.00   1.00   42624.62  304.46      0.23      154.62      18.23       6.20
 2077    337027008    2484.243 20368.3   686.5   -0.441   913   0.00   1.00   42624.62  304.46      0.21      145.96      17.28       5.88
 2078    335932992    2413.457 20738.3   696.7   -2.849   915   0.00   1.00   42624.62  304.46      0.20      137.76      16.79       5.71
 2079    334780000    2432.529 21115.0   706.9    0.790   917   0.00   1.00   42624.62  304.46      0.18      130.00      15.72       5.34
 2080    333569984    2557.997 21498.5   717.1    5.158   919   0.00   1.00   42624.62  304.46      0.17      122.65      14.10       4.79
 2081    332300992    2561.082 21889.0   727.4    0.121   921   0.00   1.00   42624.62  304.46      0.16      115.69      13.29       4.52
 2082    330976992    2458.006 22286.5   737.6   -4.025   923   0.00   1.00   42624.62  304.46      0.15      109.11      13.06       4.44
 2083    329600992    2372.256 22691.3   747.9   -3.489   925   0.00   1.00   42624.62  304.46      0.14      102.89      12.76       4.34
 2084    328176992    2445.286 23103.5   758.2    3.078   927   0.00   1.00   42624.62  304.46      0.13       97.00      11.67       3.97
 2085    326711008    2501.769 23523.1   768.5    2.310   929   0.00   1.00   42624.62  304.46      0.12       91.44      10.75       3.66
 2086    325203008    2399.274 23950.3   778.9   -4.097   931   0.00   1.00   42624.62  304.46      0.11       86.18      10.57       3.59
 2087    323656992    2529.169 24385.3   789.2    5.414   933   0.00   1.00   42624.62  304.46      0.11       86.82      10.10       3.43
 2088    322079008    2634.229 24828.3   799.7    4.154   935   0.00   1.00   42624.62  304.46      0.11       87.96       9.82       3.34
 2089    320472992    2674.352 25279.2   810.1    1.523   937   0.00   1.00   42624.62  304.46      0.11       89.11       9.80       3.33
 2090    318846016    2832.418 25738.3   820.7    5.910   939   0.00   1.00   42624.62  304.46      0.11       90.27       9.37       3.19
 2091    317200000    2780.277 26205.8   831.2   -1.841   941   0.00   1.00   42624.62  304.46      0.11       91.44       9.67       3.29
 2092    315536992    2930.791 26681.8   841.9    5.414   943   0.00   1.00   42624.62  304.46      0.11       92.61       9.29       3.16
 2093    313857984    2863.700 27166.4   852.6   -2.289   945   0.00   1.00   42624.62  304.46      0.11       93.79       9.63       3.28
 2094    312160992    3042.629 27659.9   863.4    6.248   947   0.00   1.00   42624.62  304.46      0.11       94.98       9.18       3.12
 2095    310448000    2949.627 28162.2   874.3   -3.057   949   0.00   1.00   42624.62  304.46      0.11       96.17       9.59       3.26
 2096    308719008    3094.963 28673.8   885.2    4.927   951   0.00   1.00   42624.62  304.46      0.11       97.37       9.25       3.15
 2097    306975008    3111.216 29194.6   896.2    0.525   953   0.00   1.00   42624.62  304.46      0.11       98.58       9.32       3.17
 2098    305217984    3084.146 29724.8   907.3   -0.870   956   0.00   1.00   42624.62  304.46      0.11       99.80       9.52       3.24
 2099    303448992    3085.536 30264.7   918.4    0.045   958   0.00   1.00   42624.62  304.46      0.11      101.02       9.63       3.27
 2100    301672000    3263.929 30814.4   929.6    5.782   960   0.00   1.00   42624.62  304.46      0.11      102.25       9.21       3.13
