328093
331075
334147
337293
340502
343770
347095
350472
353896
357351
360810
364244
367627
370950
374213
377418
380572
383683
386751
389778
392771
395738
398687
401624
404557
407501
410477
413499
416576
419712
422912
426183
429529
432951
436452
440029
443677
447390
451169
455009
458902
462835
466799
470790
474806
478840
482888
486947
491012
495085
499163
503247
507337
511433
515537
519655
523793
527958
532153
536378
540638
544935
549273
553653
558076
562543
567054
571610
576210
580853
585539
590265
595030
599832
604668
609537
614436
619362
624311
629279
634264
639259
644260

