326767
329093
331432
333783
336150
338524
340895
343256
345602
347930
350230
352494
354712
356880
358997
361062
363074
365034
366942
368797
370602
372358
374069
375735
377360
378950
380514
382059
383588
385103
386607
388103
389592
391076
392557
394039
395526
397018
398518
400024
401536
403049
404562
406073
407581
409083
410575
412055
413519
414967
416394
417793
419162
420497
421798
423064
424296
425494
426656
427784
428878
429937
430964
431960
432924
433861
434774
435666
436538
437391
438229
439055
439873
440683
441486
442279
443063
443835
444594
445339
446070
446784
447483

