325383
327077
328716
330301
331829
333298
334702
336039
337307
338508
339650
340744
341796
342810
343782
344709
345583
346398
347155
347852
348490
349067
349581
350032
350420
350746
351011
351217
351365
351456
351491
351468
351389
351255
351069
350839
350571
350274
349949
349598
349223
348829
348416
347986
347538
347072
346586
346078
345547
344991
344405
343781
343114
342400
341639
340827
339962
339041
338062
337027
335933
334780
333570
332301
330977
329601
328177
326711
325203
323657
322079
320473
318846
317200
315537
313858
312161
310448
308719
306975
305218
303449
301672

