209803
210839
211769
212600
213337
213980
214531
214989
215358
215643
215856
216011
216118
216182
216203
216177
216099
215962
215768
215518
215211
214844
214417
213929
213380
212770
212099
211367
210575
209722
208809
207837
206805
205714
204566
203361
202101
200789
199424
198009
196545
195035
193481
191885
190248
188571
186856
185105
183319
181499
179647
177763
175847
173902
171930
169931
167909
165864
163799
161716
159616
157502
155375
153238
151092
148940
146785
144631
142479
140332
138191
136058
133936
131827
129731
127651
125588
123543
121519
119515
117534
115577
113643
