210867
212392
213863
215277
216635
217937
219181
220370
221502
222578
223598
224562
225472
226326
227126
227872
228564
229202
229787
230319
230799
231226
231601
231925
232197
232420
232595
232724
232807
232845
232837
232785
232688
232546
232360
232130
231856
231537
231174
230767
230318
229826
229293
228719
228106
227453
226763
226036
225274
224477
223647
222786
221895
220975
220029
219058
218065
217053
216023
214977
213917
212845
211763
210671
209572
208469
207363
206257
205153
204051
202953
201860
200774
199695
198625
197564
196512
195471
194440
193419
192410
191411
190423
