211930
213946
215956
217953
219933
221893
223832
225751
227646
229511
231337
233111
234825
236474
238061
239590
241070
242508
243905
245261
246581
247866
249121
250348
251548
252726
253887
255033
256167
257288
258398
259496
260581
261653
262713
263756
264780
265782
266761
267715
268645
269547
270420
271265
272081
272870
273632
274369
275082
275773
276444
277100
277743
278376
279001
279622
280243
280868
281499
282139
282789
283450
284124
284813
285518
286241
286981
287739
288517
289314
290131
290967
291821
292695
293588
294499
295428
296376
297341
298323
299321
300334
301360
