 Ano        Pop         PIB     Gst pc   Cons      Bal    Tec   Pet    Ren      Cst_bar  Cst_pet   Cst_ren    Cst_tot     % util    % total

 2018    209803008     179.619  1438.0    30.2    0.000   455   0.40   0.60      44.60    0.32      0.16        6.73       9.36       3.75
 2019    210839008     178.157  1458.3    30.7   -0.814   461   0.34   0.66      49.98    0.36      0.16        6.96       9.77       3.91
 2020    211768992     178.133  1468.5    31.1   -0.014   462   0.32   0.68      66.59    0.48      0.16        8.04      11.28       4.51
 2021    212600000     177.357  1478.8    31.4   -0.435   463   0.30   0.70      88.70    0.63      0.15        9.34      13.17       5.27
 2022    213336992     177.710  1489.2    31.8    0.199   464   0.28   0.72     109.30    0.78      0.15       10.37      14.59       5.84
 2023    213980000     175.745  1499.7    32.1   -1.105   465   0.26   0.74     131.40    0.94      0.15       11.34      16.13       6.45
 2024    214531008     174.438  1510.2    32.4   -0.744   467   0.24   0.76     127.74    0.91      0.15       10.75      15.40       6.16
 2025    214988992     175.823  1520.8    32.7    0.794   468   0.22   0.78     162.51    1.16      0.15       12.18      17.32       6.93
 2026    215358000     174.854  1531.5    33.0   -0.551   469   0.21   0.79     174.24    1.24      0.15       12.29      17.57       7.03
 2027    215643008     173.245  1542.3    33.3   -0.920   470   0.19   0.81     221.67    1.58      0.15       13.97      20.15       8.06
 2028    215856000     174.301  1553.1    33.5    0.610   471   0.18   0.82     295.30    2.11      0.14       16.51      23.67       9.47
 2029    216011008     173.519  1564.0    33.8   -0.449   472   0.16   0.84     393.40    2.81      0.14       19.65      28.31      11.32
 2030    216118000     171.335  1575.0    34.0   -1.258   473   0.15   0.85     406.06    2.90      0.14       19.16      27.96      11.18
 2031    216182000     169.785  1586.1    34.3   -0.905   474   0.14   0.86     488.16    3.49      0.14       21.08      31.04      12.42
 2032    216203008     170.597  1597.2    34.5    0.479   475   0.13   0.87     660.08    4.71      0.14       25.61      37.53      15.01
 2033    216176992     168.989  1608.4    34.8   -0.943   476   0.12   0.88     839.75    6.00      0.14       29.71      43.96      17.58
 2034    216099008     168.006  1619.7    35.0   -0.582   477   0.11   0.89    1118.69    7.99      0.14       36.01      53.58      21.43
 2035    215962000     168.454  1631.1    35.2    0.266   478   0.11   0.89    1378.44    9.85      0.13       40.85      60.62      24.25
 2036    215768000     167.109  1642.6    35.4   -0.799   480   0.10   0.90    1863.90   13.31      0.13       50.51      75.57      30.23
 2037    215518000     165.427  1654.1    35.6   -1.007   481   0.09   0.91    2427.14   17.34      0.13       60.54      91.49      36.60
 2038    215211008     166.782  1665.7    35.8    0.819   482   0.08   0.92    3160.58   22.58      0.13       72.71     108.99      43.60
 2039    214844000     166.994  1677.4    36.0    0.128   483   0.08   0.92    3262.30   23.30      0.13       70.23     105.14      42.05
 2040    214416992     167.379  1689.2    36.2    0.230   484   0.07   0.93    4345.98   31.04      0.13       86.28     128.87      51.55
 2041    213928992     167.792  1701.1    36.4    0.247   485   0.07   0.93    5789.64   41.35      0.13      106.21     158.25      63.30
 2042    213380000     166.066  1713.0    36.6   -1.029   486   0.06   0.94    5802.28   41.44      0.13       99.57     149.89      59.96
 2043    212770000     165.396  1725.0    36.7   -0.403   487   0.06   0.94    7381.57   52.73      0.12      117.32     177.33      70.93
 2044    212099008     165.317  1737.2    36.8   -0.048   489   0.05   0.95    9390.71   67.08      0.12      138.33     209.19      83.68
 2045    211367008     167.017  1749.4    37.0    1.028   490   0.05   0.95   12510.14   89.36      0.12      170.70     255.52     102.21
 2046    210575008     165.335  1761.7    37.1   -1.007   491   0.05   0.95   12510.14   89.36      0.12      159.32     240.90      96.36
 2047    209722000     165.860  1774.0    37.2    0.318   492   0.04   0.96   12510.14   89.36      0.12      148.67     224.09      89.63
 2048    208808992     164.863  1786.5    37.3   -0.601   493   0.04   0.96   12510.14   89.36      0.12      138.70     210.33      84.13
 2049    207836992     162.807  1799.0    37.4   -1.247   494   0.04   0.96   12510.14   89.36      0.12      129.38     198.67      79.47
 2050    206804992     163.109  1811.7    37.5    0.186   495   0.03   0.97   12510.14   89.36      0.12      120.67     184.95      73.98
 2051    205714000     164.744  1824.4    37.5    1.002   496   0.03   0.97   12510.14   89.36      0.11      112.52     170.75      68.30
 2052    204566000     165.781  1837.2    37.6    0.629   498   0.03   0.97   12510.14   89.36      0.11      104.90     158.20      63.28
 2053    203360992     165.865  1850.1    37.6    0.051   499   0.03   0.97   12510.14   89.36      0.11       97.79     147.39      58.96
 2054    202100992     164.471  1863.1    37.7   -0.841   500   0.03   0.97   12510.14   89.36      0.11       91.13     138.52      55.41
 2055    200788992     164.409  1876.2    37.7   -0.038   501   0.02   0.98   12510.14   89.36      0.11       84.91     129.11      51.65
 2056    199424000     163.062  1889.4    37.7   -0.819   502   0.02   0.98   12510.14   89.36      0.11       79.10     121.28      48.51
 2057    198008992     162.216  1902.7    37.7   -0.519   503   0.02   0.98   12510.14   89.36      0.11       73.69     113.56      45.43
 2058    196544992     163.605  1916.0    37.7    0.856   505   0.02   0.98   12510.14   89.36      0.10       68.63     104.87      41.95
 2059    195035008     165.863  1929.5    37.6    1.380   506   0.02   0.98   12510.14   89.36      0.10       63.92      96.34      38.54
 2060    193480992     167.134  1943.0    37.6    0.766   507   0.02   0.98   12510.14   89.36      0.10       59.52      89.03      35.61
 2061    191884992     169.168  1956.7    37.5    1.217   508   0.02   0.98   12510.14   89.36      0.10       55.42      81.91      32.76
 2062    190248000     170.290  1970.4    37.5    0.663   509   0.01   0.99   12510.14   89.36      0.10       51.61      75.76      30.30
 2063    188571008     169.540  1984.3    37.4   -0.440   510   0.01   0.99   12510.14   89.36      0.10       48.05      70.85      28.34
 2064    186856000     170.487  1998.2    37.3    0.559   512   0.01   0.99   12510.14   89.36      0.10       44.74      65.60      26.24
 2065    185104992     171.371  2012.2    37.2    0.519   513   0.01   0.99   12510.14   89.36      0.09       41.65      60.76      24.30
 2066    183319008     169.794  2026.4    37.1   -0.920   514   0.01   0.99   12510.14   89.36      0.09       38.78      57.09      22.84
 2067    181499008     171.775  2040.6    37.0    1.166   515   0.00   1.00   12510.14   89.36      0.09        3.41       4.96       1.98
 2068    179647008     171.130  2055.0    36.9   -0.375   516   0.00   1.00   12510.14   89.36      0.09        3.35       4.89       1.96
 2069    177763008     170.114  2069.4    36.8   -0.594   517   0.00   1.00   12510.14   89.36      0.09        3.29       4.83       1.93
 2070    175847008     169.142  2083.9    36.6   -0.571   519   0.00   1.00   12510.14   89.36      0.09        3.23       4.78       1.91
 2071    173902000     168.587  2098.6    36.5   -0.328   520   0.00   1.00   12510.14   89.36      0.09        3.17       4.70       1.88
 2072    171930000     169.392  2113.3    36.3    0.477   521   0.00   1.00   12510.14   89.36      0.09        3.11       4.60       1.84
 2073    169931008     170.659  2128.2    36.2    0.748   522   0.00   1.00   12510.14   89.36      0.08        3.06       4.48       1.79
 2074    167908992     170.036  2143.1    36.0   -0.365   523   0.00   1.00   12510.14   89.36      0.08        3.00       4.41       1.76
 2075    165864000     170.219  2158.2    35.8    0.108   525   0.00   1.00   12510.14   89.36      0.08        2.94       4.32       1.73
 2076    163799008     169.971  2173.3    35.6   -0.146   526   0.00   1.00   12510.14   89.36      0.08        2.88       4.24       1.70
 2077    161716000     169.139  2188.6    35.4   -0.489   527   0.00   1.00   12510.14   89.36      0.08        2.83       4.18       1.67
 2078    159616000     171.203  2204.0    35.2    1.220   528   0.00   1.00   12510.14   89.36      0.08        2.77       4.05       1.62
 2079    157502000     169.746  2219.4    35.0   -0.851   530   0.00   1.00   12510.14   89.36      0.08        2.71       4.00       1.60
 2080    155375008     169.580  2235.0    34.7   -0.098   531   0.00   1.00   12510.14   89.36      0.08        2.66       3.92       1.57
 2081    153238000     170.491  2250.7    34.5    0.537   532   0.00   1.00   12510.14   89.36      0.08        2.60       3.82       1.53
 2082    151092000     169.163  2266.5    34.2   -0.779   533   0.00   1.00   12510.14   89.36      0.07        2.55       3.77       1.51
 2083    148940000     167.813  2282.5    34.0   -0.798   534   0.00   1.00   12510.14   89.36      0.07        2.50       3.72       1.49
 2084    146784992     167.296  2298.5    33.7   -0.308   536   0.00   1.00   12510.14   89.36      0.07        2.44       3.65       1.46
 2085    144631008     166.216  2314.6    33.5   -0.646   537   0.00   1.00   12510.14   89.36      0.07        2.39       3.59       1.44
 2086    142479008     166.185  2330.9    33.2   -0.018   538   0.00   1.00   12510.14   89.36      0.07        2.34       3.52       1.41
 2087    140332000     165.275  2347.3    32.9   -0.547   539   0.00   1.00   12510.14   89.36      0.07        2.29       3.46       1.38
 2088    138191008     166.792  2363.8    32.7    0.917   541   0.00   1.00   12510.14   89.36      0.07        2.23       3.35       1.34
 2089    136058000     168.748  2380.4    32.4    1.173   542   0.00   1.00   12510.14   89.36      0.07        2.18       3.24       1.29
 2090    133936000     167.518  2397.1    32.1   -0.729   543   0.00   1.00   12510.14   89.36      0.07        2.14       3.19       1.27
 2091    131827000     166.013  2413.9    31.8   -0.899   544   0.00   1.00   12510.14   89.36      0.07        2.09       3.14       1.26
 2092    129731000     167.332  2430.9    31.5    0.795   546   0.00   1.00   12510.14   89.36      0.06        2.04       3.05       1.22
 2093    127651000     168.969  2448.0    31.2    0.978   547   0.00   1.00   12510.14   89.36      0.06        1.99       2.95       1.18
 2094    125588000     169.981  2465.2    31.0    0.599   548   0.00   1.00   12510.14   89.36      0.06        1.95       2.86       1.14
 2095    123543000     169.770  2482.5    30.7   -0.124   549   0.00   1.00   12510.14   89.36      0.06        1.90       2.80       1.12
 2096    121519000     170.624  2499.9    30.4    0.503   551   0.00   1.00   12510.14   89.36      0.06        1.86       2.72       1.09
 2097    119515000     170.476  2517.5    30.1   -0.087   552   0.00   1.00   12510.14   89.36      0.06        1.81       2.66       1.06
 2098    117534000     171.566  2535.2    29.8    0.639   553   0.00   1.00   12510.14   89.36      0.06        1.77       2.58       1.03
 2099    115577000     173.949  2553.0    29.5    1.389   554   0.00   1.00   12510.14   89.36      0.06        1.73       2.48       0.99
 2100    113643000     175.278  2570.9    29.2    0.764   556   0.00   1.00   12510.14   89.36      0.06        1.69       2.41       0.96
