 Ano        Pop         PIB     Gst pc   Cons      Bal    Tec   Pet    Ren      Cst_bar  Cst_pet   Cst_ren    Cst_tot     % util    % total

 2018    211930000     179.619  1438.0    30.5    0.000   455   0.40   0.60      44.60    0.32      0.16        6.80       9.46       3.78
 2019    213946000     178.157  1458.3    31.2   -0.814   461   0.34   0.66      49.98    0.36      0.16        7.07       9.91       3.97
 2020    215956000     178.133  1468.5    31.7   -0.014   462   0.32   0.68      66.59    0.48      0.16        8.20      11.50       4.60
 2021    217952992     177.357  1478.8    32.2   -0.435   463   0.30   0.70      88.70    0.63      0.15        9.58      13.50       5.40
 2022    219932992     177.710  1489.2    32.8    0.199   464   0.28   0.72     109.30    0.78      0.15       10.69      15.04       6.02
 2023    221892992     175.745  1499.7    33.3   -1.105   465   0.26   0.74     131.40    0.94      0.15       11.76      16.73       6.69
 2024    223832000     174.438  1510.2    33.8   -0.744   467   0.24   0.76     127.74    0.91      0.15       11.21      16.07       6.43
 2025    225751008     175.823  1520.8    34.3    0.794   468   0.22   0.78     162.51    1.16      0.15       12.79      18.18       7.27
 2026    227646000     174.854  1531.5    34.9   -0.551   469   0.21   0.79     174.24    1.24      0.15       12.99      18.57       7.43
 2027    229511008     173.245  1542.3    35.4   -0.920   470   0.19   0.81     221.67    1.58      0.15       14.86      21.45       8.58
 2028    231336992     174.301  1553.1    35.9    0.610   471   0.18   0.82     295.30    2.11      0.14       17.69      25.37      10.15
 2029    233111008     173.519  1564.0    36.5   -0.449   472   0.16   0.84     393.40    2.81      0.14       21.21      30.55      12.22
 2030    234824992     171.335  1575.0    37.0   -1.258   473   0.15   0.85     406.06    2.90      0.14       20.82      30.38      12.15
 2031    236474000     169.785  1586.1    37.5   -0.905   474   0.14   0.86     488.16    3.49      0.14       23.06      33.96      13.58
 2032    238060992     170.597  1597.2    38.0    0.479   475   0.13   0.87     660.08    4.71      0.14       28.20      41.33      16.53
 2033    239590000     168.989  1608.4    38.5   -0.943   476   0.12   0.88     839.75    6.00      0.14       32.93      48.72      19.49
 2034    241070000     168.006  1619.7    39.0   -0.582   477   0.11   0.89    1118.69    7.99      0.14       40.17      59.77      23.91
 2035    242508000     168.454  1631.1    39.6    0.266   478   0.11   0.89    1378.44    9.85      0.13       45.87      68.07      27.23
 2036    243904992     167.109  1642.6    40.1   -0.799   480   0.10   0.90    1863.90   13.31      0.13       57.10      85.42      34.17
 2037    245260992     165.427  1654.1    40.6   -1.007   481   0.09   0.91    2427.14   17.34      0.13       68.89     104.12      41.65
 2038    246580992     166.782  1665.7    41.1    0.819   482   0.08   0.92    3160.58   22.58      0.13       83.31     124.87      49.95
 2039    247866000     166.994  1677.4    41.6    0.128   483   0.08   0.92    3262.30   23.30      0.13       81.02     121.30      48.52
 2040    249120992     167.379  1689.2    42.1    0.230   484   0.07   0.93    4345.98   31.04      0.13      100.25     149.73      59.89
 2041    250348000     167.792  1701.1    42.6    0.247   485   0.07   0.93    5789.64   41.35      0.13      124.29     185.19      74.07
 2042    251548000     166.066  1713.0    43.1   -1.029   486   0.06   0.94    5802.28   41.44      0.13      117.38     176.70      70.68
 2043    252726000     165.396  1725.0    43.6   -0.403   487   0.06   0.94    7381.57   52.73      0.12      139.35     210.63      84.25
 2044    253887008     165.317  1737.2    44.1   -0.048   489   0.05   0.95    9390.71   67.08      0.12      165.59     250.41     100.16
 2045    255032992     167.017  1749.4    44.6    1.028   490   0.05   0.95   12510.14   89.36      0.12      205.97     308.30     123.32
 2046    256167008     165.335  1761.7    45.1   -1.007   491   0.05   0.95   12510.14   89.36      0.12      193.81     293.06     117.23
 2047    257288000     165.860  1774.0    45.6    0.318   492   0.04   0.96   12510.14   89.36      0.12      182.39     274.91     109.96
 2048    258398000     164.863  1786.5    46.2   -0.601   493   0.04   0.96   12510.14   89.36      0.12      171.64     260.28     104.11
 2049    259496000     162.807  1799.0    46.7   -1.247   494   0.04   0.96   12510.14   89.36      0.12      161.54     248.06      99.22
 2050    260580992     163.109  1811.7    47.2    0.186   495   0.03   0.97   12510.14   89.36      0.12      152.04     233.04      93.22
 2051    261652992     164.744  1824.4    47.7    1.002   496   0.03   0.97   12510.14   89.36      0.11      143.11     217.18      86.87
 2052    262712992     165.781  1837.2    48.3    0.629   498   0.03   0.97   12510.14   89.36      0.11      134.72     203.16      81.27
 2053    263756000     165.865  1850.1    48.8    0.051   499   0.03   0.97   12510.14   89.36      0.11      126.83     191.17      76.47
 2054    264780000     164.471  1863.1    49.3   -0.841   500   0.03   0.97   12510.14   89.36      0.11      119.39     181.48      72.59
 2055    265782000     164.409  1876.2    49.9   -0.038   501   0.02   0.98   12510.14   89.36      0.11      112.40     170.91      68.36
 2056    266760992     163.062  1889.4    50.4   -0.819   502   0.02   0.98   12510.14   89.36      0.11      105.82     162.23      64.89
 2057    267715008     162.216  1902.7    50.9   -0.519   503   0.02   0.98   12510.14   89.36      0.11       99.63     153.54      61.42
 2058    268644992     163.605  1916.0    51.5    0.856   505   0.02   0.98   12510.14   89.36      0.10       93.81     143.35      57.34
 2059    269547008     165.863  1929.5    52.0    1.380   506   0.02   0.98   12510.14   89.36      0.10       88.34     133.15      53.26
 2060    270420000     167.134  1943.0    52.5    0.766   507   0.02   0.98   12510.14   89.36      0.10       83.19     124.44      49.77
 2061    271264992     169.168  1956.7    53.1    1.217   508   0.02   0.98   12510.14   89.36      0.10       78.35     115.79      46.32
 2062    272080992     170.290  1970.4    53.6    0.663   509   0.01   0.99   12510.14   89.36      0.10       73.80     108.35      43.34
 2063    272870016     169.540  1984.3    54.1   -0.440   510   0.01   0.99   12510.14   89.36      0.10       69.53     102.53      41.01
 2064    273632000     170.487  1998.2    54.7    0.559   512   0.01   0.99   12510.14   89.36      0.10       65.51      96.06      38.43
 2065    274368992     171.371  2012.2    55.2    0.519   513   0.01   0.99   12510.14   89.36      0.09       61.73      90.06      36.02
 2066    275081984     169.794  2026.4    55.7   -0.920   514   0.01   0.99   12510.14   89.36      0.09       58.19      85.67      34.27
 2067    275772992     171.775  2040.6    56.3    1.166   515   0.00   1.00   12510.14   89.36      0.09        5.18       7.53       3.01
 2068    276444000     171.130  2055.0    56.8   -0.375   516   0.00   1.00   12510.14   89.36      0.09        5.15       7.53       3.01
 2069    277100000     170.114  2069.4    57.3   -0.594   517   0.00   1.00   12510.14   89.36      0.09        5.13       7.54       3.01
 2070    277743008     169.142  2083.9    57.9   -0.571   519   0.00   1.00   12510.14   89.36      0.09        5.10       7.54       3.02
 2071    278376000     168.587  2098.6    58.4   -0.328   520   0.00   1.00   12510.14   89.36      0.09        5.08       7.53       3.01
 2072    279000992     169.392  2113.3    59.0    0.477   521   0.00   1.00   12510.14   89.36      0.09        5.05       7.46       2.98
 2073    279622016     170.659  2128.2    59.5    0.748   522   0.00   1.00   12510.14   89.36      0.08        5.03       7.37       2.95
 2074    280243008     170.036  2143.1    60.1   -0.365   523   0.00   1.00   12510.14   89.36      0.08        5.00       7.36       2.94
 2075    280868000     170.219  2158.2    60.6    0.108   525   0.00   1.00   12510.14   89.36      0.08        4.98       7.32       2.93
 2076    281499008     169.971  2173.3    61.2   -0.146   526   0.00   1.00   12510.14   89.36      0.08        4.96       7.29       2.92
 2077    282139008     169.139  2188.6    61.7   -0.489   527   0.00   1.00   12510.14   89.36      0.08        4.93       7.29       2.92
 2078    282788992     171.203  2204.0    62.3    1.220   528   0.00   1.00   12510.14   89.36      0.08        4.91       7.17       2.87
 2079    283449984     169.746  2219.4    62.9   -0.851   530   0.00   1.00   12510.14   89.36      0.08        4.89       7.20       2.88
 2080    284124000     169.580  2235.0    63.5   -0.098   531   0.00   1.00   12510.14   89.36      0.08        4.86       7.17       2.87
 2081    284812992     170.491  2250.7    64.1    0.537   532   0.00   1.00   12510.14   89.36      0.08        4.84       7.10       2.84
 2082    285518016     169.163  2266.5    64.7   -0.779   533   0.00   1.00   12510.14   89.36      0.07        4.82       7.12       2.85
 2083    286240992     167.813  2282.5    65.3   -0.798   534   0.00   1.00   12510.14   89.36      0.07        4.80       7.14       2.86
 2084    286980992     167.296  2298.5    66.0   -0.308   536   0.00   1.00   12510.14   89.36      0.07        4.77       7.13       2.85
 2085    287739008     166.216  2314.6    66.6   -0.646   537   0.00   1.00   12510.14   89.36      0.07        4.75       7.15       2.86
 2086    288516992     166.185  2330.9    67.3   -0.018   538   0.00   1.00   12510.14   89.36      0.07        4.73       7.12       2.85
 2087    289313984     165.275  2347.3    67.9   -0.547   539   0.00   1.00   12510.14   89.36      0.07        4.71       7.13       2.85
 2088    290131008     166.792  2363.8    68.6    0.917   541   0.00   1.00   12510.14   89.36      0.07        4.69       7.03       2.81
 2089    290967008     168.748  2380.4    69.3    1.173   542   0.00   1.00   12510.14   89.36      0.07        4.67       6.92       2.77
 2090    291820992     167.518  2397.1    70.0   -0.729   543   0.00   1.00   12510.14   89.36      0.07        4.65       6.94       2.78
 2091    292695008     166.013  2413.9    70.7   -0.899   544   0.00   1.00   12510.14   89.36      0.07        4.63       6.98       2.79
 2092    293588000     167.332  2430.9    71.4    0.795   546   0.00   1.00   12510.14   89.36      0.06        4.61       6.89       2.76
 2093    294499008     168.969  2448.0    72.1    0.978   547   0.00   1.00   12510.14   89.36      0.06        4.60       6.80       2.72
 2094    295428000     169.981  2465.2    72.8    0.599   548   0.00   1.00   12510.14   89.36      0.06        4.58       6.73       2.69
 2095    296376000     169.770  2482.5    73.6   -0.124   549   0.00   1.00   12510.14   89.36      0.06        4.56       6.71       2.69
 2096    297340992     170.624  2499.9    74.3    0.503   551   0.00   1.00   12510.14   89.36      0.06        4.54       6.66       2.66
 2097    298323008     170.476  2517.5    75.1   -0.087   552   0.00   1.00   12510.14   89.36      0.06        4.53       6.64       2.65
 2098    299320992     171.566  2535.2    75.9    0.639   553   0.00   1.00   12510.14   89.36      0.06        4.51       6.57       2.63
 2099    300334016     173.949  2553.0    76.7    1.389   554   0.00   1.00   12510.14   89.36      0.06        4.49       6.46       2.58
 2100    301360000     175.278  2570.9    77.5    0.764   556   0.00   1.00   12510.14   89.36      0.06        4.48       6.38       2.55
